10
Десислава;Маринова;Младенова;F;18.9.1936;167;България;София;Младост;1015;Алабин;133;9;104;P;СОУ Гео Милев;15.9.1942;15.6.1949;S;СОУ Добри Чинтулов;15.9.1949;30.6.1954;4.933;B;Западен Университет;1.10.1955;1.6.1959;3.024
2017;3;863.74;2017;2;1173.11;2016;11;1456.83;2016;8;1278.81;2016;6;658.80;2016;5;886.68;2016;4;858.48;2016;3;1111.62;2016;2;1026.02;2015;10;940.20;2015;8;984.11;2015;7;816.79;2015;6;1319.21;2015;4;1252.43;2015;3;810.10;2014;12;1439.91;2014;11;654.18;2014;10;1307.58;2014;9;1084.42
Емилия;Михайлова;Карастоянова;F;31.12.1942;182;България;София;Студентски;1016;Петър Васков;132;11;68;P;СМГ;15.9.1948;15.6.1955;S;МГ "Д-р П. Берон";15.9.1955;30.6.1960;3.791;B;ИУ-Варна;1.10.1961;1.6.1965;3.518
2017;3;984.78;2017;1;1099.28;2016;12;680.56;2016;11;1396.91;2016;10;1116.02;2016;9;736.68;2016;8;845.43;2016;7;1124.17;2016;6;1176.07;2016;5;748.96;2016;4;1336.29;2016;3;1430.52;2016;1;1353.87;2015;12;934.06;2015;11;1268.29;2015;10;1445.29;2015;9;1169.34;2015;8;1220.64;2015;7;1552.11;2015;4;919.02;2015;3;939.67;2015;2;1497.71;2014;12;911.76;2014;9;680.55;2014;8;718.15;2014;6;1400.61;2014;5;1056.04;2014;4;1162.62
Петя;Минчева;Дянкова;F;23.11.1956;208;България;София;Илинден;1012;Никола Въпцаров;39;3;93;P;Техникум Машиностроене Пловдив;15.9.1962;15.6.1969;S;Техникум Машиностроене Пловдив;15.9.1969;30.6.1974;3.138
2017;3;1168.21;2017;2;1381.10;2016;11;854.78;2016;10;626.70;2016;9;1284.57;2016;8;1552.58;2016;7;1328.91;2016;6;911.27;2016;5;712.15;2016;3;1034.45;2016;2;1005.26;2016;1;757.98;2015;12;1196.62;2015;10;1068.58;2015;9;1126.85;2015;7;1473.59;2015;6;644.37;2015;5;1395.70;2015;3;765.82;2015;2;1070.27;2015;1;1348.51;2014;12;743.55;2014;11;1125.58;2014;10;1556.50;2014;8;1280.60;2014;6;1578.64;2014;5;1015.66;2014;4;714.88
Николай;Стойчев;Димитров;M;11.2.1990;165;България;София;Слатина;1007;Дрин;84;;;P;СОУ Добри Чинтулов;15.9.1996;15.6.2003;S;СОУ П.Р. Славейков;15.9.2003;30.6.2008;3.059;B;НБУ;1.10.2009;1.6.2013;3.764
2017;3;848.49;2017;2;682.53;2016;11;1030.03;2016;9;1244.01;2016;8;992.70;2016;7;612.04;2016;6;821.22;2016;5;1280.34;2016;4;944.83;2016;3;689.82;2016;2;1067.35;2016;1;764.57;2015;12;1054.46;2015;11;617.81;2015;10;914.58;2015;9;1243.54;2015;8;1113.89;2015;6;1585.35;2015;5;1518.40;2015;4;737.31;2015;3;924.17;2015;2;1175.48;2015;1;1545.84;2014;12;1033.98;2014;11;839.01;2014;10;856.54;2014;9;862.66;2014;8;768.76;2014;7;691.75;2014;6;877.13
Гергана;Яворова;Николова;F;3.2.2012;189;България;София;Възраждане;1003;Чипровец;39;6;18
2017;3;1418.16;2017;2;1024.66;2017;1;1126.26;2016;12;732.27;2016;11;1122.61;2016;10;1335.64;2016;9;1243.46;2016;7;1441.27;2016;4;1274.36;2016;3;1513.31;2016;2;660.46;2016;1;1585.21;2015;10;1563.05;2015;9;821.87;2015;8;1313.15;2015;7;1305.97;2015;6;1042.79;2015;5;1317.16;2015;4;1295.83;2015;3;963.30;2015;2;903.96;2014;12;1138.96;2014;11;879.08;2014;10;1026.71;2014;9;1573.90;2014;7;704.62;2014;6;704.51;2014;4;700.89
Елена;Николова;Вачкова;F;3.2.1929;201;България;София;Изгрев;1008;Янко Сакъзов;9;7;95;P;МГ "Д-р П. Берон";15.9.1935;15.6.1942;S;НПМГ;15.9.1942;30.6.1947;3.620;B;УНСС;1.10.1948;1.6.1952;4.425
2017;3;806.24;2017;2;1237.10;2017;1;1182.09;2016;12;765.06;2016;10;1216.52;2016;8;674.32;2016;7;1357.04;2016;3;1405.46;2016;2;950.27;2015;12;717.32;2015;11;638.99;2015;10;1076.28;2015;8;1536.55;2015;6;1532.37;2015;5;1032.98;2015;4;927.14;2015;3;1321.18;2015;1;1089.88;2014;12;1119.73;2014;11;1183.02;2014;8;1195.01;2014;7;1044.49;2014;6;1325.08;2014;5;1274.90;2014;4;1345.28
Кирил;Арнаудов;Михайлов;M;7.3.1941;167;България;София;Триадица;1010;3-ти март;91;;;P;МГ "Д-р П. Берон";15.9.1947;15.6.1954;S;СОУ Уилям Гладстон;15.9.1954;30.6.1959;4.379
2017;3;1153.04;2017;1;1308.70;2016;12;1407.46;2016;11;842.09;2016;10;1584.61;2016;9;1293.94;2016;8;1294.57;2016;7;1158.61;2016;6;1319.70;2016;4;1327.91;2016;2;1374.31;2016;1;1284.90;2015;11;1530.79;2015;10;1158.59;2015;9;1328.09;2015;7;1169.66;2015;5;764.09;2015;3;1088.56;2015;2;1546.83;2015;1;1103.46;2014;12;677.31;2014;10;1284.39;2014;9;1239.41;2014;8;1582.74;2014;7;794.53;2014;6;662.80;2014;5;821.88;2014;4;1156.10
Стоянка;Мавродиева;Младенова;F;26.5.1995;205;България;София;Оборище;1004;Мария Луиза;69;7;54;P;СОУ Гео Милев;15.9.2001;15.6.2008;S;СОУ П.Р. Славейков;15.9.2008;30.6.2013;4.378;B;Американски Колеж;1.10.2014;1.6.2018
2017;3;1298.84;2017;2;1482.43;2016;12;863.02;2016;8;708.30;2016;7;1229.53;2016;5;793.97;2016;4;1114.06;2016;3;839.94;2016;2;774.29;2015;12;657.79;2015;11;1543.40;2015;9;1264.62;2015;8;1375.59;2015;5;1513.26;2015;3;1334.91;2015;1;1454.51;2014;12;843.87;2014;10;995.28;2014;9;961.07;2014;6;1175.66;2014;4;973.61
Емилия;Тошева;Христова;F;25.8.2005;208;България;София;Лозенец;1009;Цар Борис III;69;;;P;СМГ;15.9.2011;15.6.2018
2017;1;1178.09;2016;12;1243.22;2016;11;729.00;2016;10;872.59;2016;8;989.72;2016;7;715.89;2016;6;1257.53;2016;5;1239.17;2016;4;864.69;2016;3;1039.17;2016;2;980.29;2016;1;1071.50;2015;12;798.97;2015;11;1400.49;2015;10;720.50;2015;9;1078.85;2015;8;693.15;2015;6;1046.16;2015;4;806.72;2015;3;1535.58;2015;1;1170.87;2014;12;653.52;2014;11;1192.96;2014;8;922.66;2014;5;618.30;2014;4;778.31
Десислава;Дянкова;Маринова;F;28.12.2007;191;България;София;Младост;1015;Алабин;165;10;66;P;СОУ Леда Милева;15.9.2013;15.6.2020
2017;3;983.30;2017;1;611.14;2016;12;862.69;2016;11;1218.60;2016;10;1496.10;2016;9;803.05;2016;8;1356.81;2016;7;882.98;2016;5;688.59;2016;2;1220.79;2016;1;702.24;2015;12;1515.51;2015;10;1180.26;2015;9;615.08;2015;8;1450.10;2015;6;1317.89;2015;5;1282.90;2015;4;1147.98;2015;1;1372.99;2014;12;1026.45;2014;11;670.69;2014;10;613.71;2014;9;1059.49;2014;8;698.98;2014;7;1326.40;2014;6;1161.54;2014;5;613.28
